last_pose: 
  x: 0.0363389
  y: 0.0188628
  z: 0.0
  roll: 0.0
  pitch: 0.0
  yaw: -0.013248