last_pose: 
  x: -1.05908
  y: -4.06941
  z: 0
  roll: 0
  pitch: -0
  yaw: 1.0507