last_pose: 
  x: 1.11189
  y: -0.155076
  z: -6.78912e-06
  roll: -2.86316e-06
  pitch: -1.34372e-05
  yaw: -2.29514