last_pose: 
  x: -0.837338
  y: -2.97587
  z: 0
  roll: 0
  pitch: -0
  yaw: -2.66459