last_pose: 
  x: 2.07926
  y: 0.349463
  a: 1.97143