last_pose: 
  x: 1.31955
  y: 2.46334
  a: -0.735297