last_pose: 
  x: -0.0342825
  y: -0.0351412
  a: 0.0124277