last_pose: 
  x: -0.15166
  y: -5.74027
  a: -1.45742