last_pose: 
  x: 0.0621578
  y: -0.298676
  a: -0.118016