last_pose: 
  x: -1.23035
  y: 0.0987752
  a: -0.0207691