last_pose: 
  x: 1.14397
  y: -0.624126
  a: 2.26378