last_pose: 
  x: 4.20511
  y: 0.0342913
  a: 0.0210075