last_pose: 
  x: 0.153909
  y: -0.724475
  a: -0.644386