last_pose: 
  x: -0.059588
  y: -2.51132
  a: 2.90426