last_pose: 
  x: 1.71033
  y: -2.15306
  a: -2.80061