last_pose: 
  x: -0.0025061
  y: -0.0322919
  a: 0.0217156