last_pose: 
  x: 3.76136
  y: 0.452172
  a: 3.08277