last_pose: 
  x: 0.338235
  y: -0.650913
  a: 0.280654