last_pose: 
  x: -1.96957
  y: 0.12392
  a: -0.0244068