last_pose: 
  x: 4.258
  y: -0.0102953
  a: 1.09075