last_pose: 
  x: 0.13059
  y: 1.32209
  a: -0.0200265