last_pose: 
  x: 0.802608
  y: 1.83223
  a: -1.76842